177750835
-1
-1
-1
326121795
506164050
-1
-1
-1
199204966
453177289
-1
460130571
-1
-1
-1
159700101
753869121
961669411
-1
-1
-1
-1
935162631
702012801
-1
-1
-1
-1
-1
-1
395630753
-1
972429851
-1
-1
485601076
-1
713086069
867053289
-1
-1
792246965
-1
395630753
808515909
753869121
-1
-1
-1
-1
559899821
-1
-1
-1
635246021
708024465
326121795
762295522
-1
628662001
691975001
-1
-1
758410441
-1
-1
-1
631900673
219347251
-1
-1
-1
642099073
319090359
268750726
-1
897517761
281812332
353157253
403218049
465191625
370355281
-1
-1
618341761
-1
-1
-1
-1
-1
326121795
-1
-1
545239907
-1
-1
-1
-1
340815489
199204966
-1
495397441
669365505
-1
-1
-1
395630753
-1
479559351
145161475
545239907
530486241
-1
829412765
-1
405056369
496088961
485601076
-1
-1
-1
-1
-1
-1
775825426
-1
-1
238329293
-1
-1
469177597
775825426
-1
-1
-1
-1
269307501
855027201
151366959
762065493
477988881
-1
816430599
-1
-1
-1
506164050
618341761
775825426
255163241
855027201
340815489
268750726
506164050
-1
269307501
485601076
542531605
470155221
177750835
936211691
370355281
475728231
-1
-1
219347251
335785729
298324653
219347251
-1
-1
-1
-1
465191625
-1
-1
-1
462327701
-1
-1
-1
788108076
-1
762295522
395630753
540817641
-1
-1
324140001
-1
-1
-1
-1
-1
897517761
395630753
618341761
-1
878046413
-1
-1
799126057
475728231
-1
-1
936211691
932834353
783214881
340815489
-1
445487679
545239907
623852265
-1
-1
-1
210036121
-1
608637001
-1
-1
537308701
-1
545239907
-1
-1
202425001
-1
421088065
-1
-1
781444605
-1
-1
-1
234608801
-1
324140001
878046413
-1
386010651
-1
-1
485601076
-1
-1
-1
-1
-1
506164050
-1
353157253
669365505
792246965
-1
-1
675012141
972429851
470155221
985224161
276458455
-1
-1
-1
897517761
331299501
421088065
-1
-1
-1
577083695
-1
-1
-1
-1
285878157
758410441
493120901
-1
255630885
-1
-1
-1
-1
238300954
506164050
936211691
372246419
-1
319090359
836497801
324140001
-1
464844281
-1
-1
-1
-1
-1
953636641
669365505
953636641
-1
-1
500295393
807513351
-1
875701178
340815489
-1
-1
901180549
294332721
-1
558105521
662396065
878046413
-1
363153761
-1
-1
-1
-1
-1
-1
867053289
-1
321927121
642099073
219347251
322043791
-1
-1
-1
855027201
901180549
506164050
-1
183694786
-1
878046413
-1
-1
219347251
542531605
-1
-1
-1
506164050
228365011
-1
-1
-1
493120901
545239907
-1
-1
799126057
577849639
-1
-1
629834942
135548453
-1
-1
-1
781038171
-1
219347251
545239907
-1
322043791
-1
-1
808515909
285878157
-1
506164050
255163241
322043791
-1
699966349
-1
658742329
-1
-1
-1
642099073
-1
353157253
972429851
-1
-1
-1
-1
-1
675012141
469177597
269307501
-1
545239907
350338865
891262133
506164050
684901351
-1
-1
-1
753869121
559899821
268750726
-1
-1
423008662
-1
520652353
389797819
559899821
-1
743150261
-1
639417408
370355281
485601076
589738401
485601076
269307501
-1
775825426
218165345
289954703
896150208
177750835
-1
324140001
-1
885047851
867053289
545239907
269307501
-1
362876421
635114982
-1
159700101
403218049
-1
942508626
998234641
-1
559899821
-1
-1
293749681
-1
-1
485601076
-1
932834353
395630753
403218049
-1
-1
545239907
-1
-1
723057211
-1
-1
901180549
-1
-1
518186201
-1
-1
470155221
429359063
878046413
176020017
-1
-1
-1
449309131
370355281
269307501
792246965
589738401
-1
816430599
-1
897517761
-1
-1
326532251
-1
-1
-1
238300954
177750835
-1
-1
702012801
-1
-1
-1
-1
403873477
-1
-1
-1
-1
-1
684901351
-1
-1
177750835
-1
-1
-1
-1
998234641
901180549
799126057
699966349
559899821
353157253
294332721
-1
-1
-1
-1
-1
-1
-1
699966349
235775961
-1
-1
159552976
-1
-1
-1
464844281
-1
985224161
932834353
255163241
-1
485601076
545239907
-1
901180549
-1
-1
-1
-1
-1
-1
-1
219347251
-1
781444605
762295522
-1
-1
-1
485601076
-1
783214881
961669411
-1
541239545
-1
701757721
-1
-1
-1
-1
218165345
-1
201695301
219347251
-1
-1
645473041
582459464
985224161
349892385
-1
-1
464844281
985224161
816430599
629834942
985224161
226462251
575197852
775825426
878046413
-1
405056369
219347251
495397441
867053289
-1
493120901
-1
395630753
-1
618341761
-1
-1
-1
618341761
-1
322043791
-1
708024465
-1
-1
-1
901180549
-1
-1
932834353
-1
501248321
-1
-1
258896181
575706707
-1
-1
779871169
541239545
403218049
370355281
201695301
-1
-1
-1
293749681
-1
399838603
-1
723057211
390522017
-1
395630753
-1
-1
177750835
331299501
-1
669365505
-1
495397441
-1
219347251
324140001
331299501
-1
-1
-1
488292951
-1
837232595
-1
545239907
985224161
-1
-1
-1
618341761
783214881
-1
206783617
972429851
-1
-1
-1
281812332
-1
-1
255163241
520652353
291817851
901180549
-1
953636641
-1
488848513
495397441
219347251
618341761
238300954
545239907
460130571
516394713
389687361
-1
701757721
618341761
-1
335785729
635246021
267918945
-1
-1
590822729
449309131
618341761
386796502
-1
768002663
-1
-1
-1
545239907
836497801
-1
516394713
647505997
-1
506164050
-1
684901351
701757721
520652353
135548453
-1
901180549
559899821
942508626
618341761
647505997
691975001
506164050
-1
-1
-1
615280001
-1
270696449
479559351
298324653
464844281
-1
685812673
-1
-1
-1
-1
219347251
911349641
-1
219347251
485601076
930938369
-1
-1
-1
-1
298324653
779871169
792246965
-1
972429851
-1
-1
-1
-1
-1
799126057
-1
645473041
-1
-1
-1
645473041
589738401
-1
-1
-1
-1
618341761
972429851
781444605
635246021
-1
642099073
685812673
-1
-1
669365505
559899821
-1
-1
516394713
518186201
-1
298324653
618341761
-1
485601076
181735323
255163241
319090359
768002663
-1
470155221
331299501
647505997
-1
-1
294332721
370355281
479559351
-1
-1
258896181
558105521
-1
301262259
878046413
932834353
723057211
488848513
492793467
901180549
389797819
-1
-1
-1
177750835
-1
691975001
-1
-1
291817851
901180549
-1
897517761
485601076
-1
-1
878046413
499316973
902904362
396394901
-1
-1
500295393
-1
-1
-1
-1
-1
846389521
972429851
-1
260119521
-1
493120901
-1
902904362
-1
-1
-1
530486241
308822721
-1
349892385
-1
506164050
386796502
932834353
758410441
176020017
-1
582459464
438593031
837232595
630429586
-1
-1
-1
575706707
875701178
669365505
183694786
808515909
-1
658742329
807513351
623852265
-1
423008662
469177597
495397441
-1
-1
438593031
-1
206635101
445487679
219347251
-1
-1
-1
589738401
-1
177750835
545239907
-1
-1
880435681
-1
-1
492138079
-1
485601076
675012141
-1
-1
775825426
449309131
-1
-1
-1
702012801
-1
-1
-1
708024465
389687361
-1
331299501
-1
-1
653027241
-1
-1
-1
-1
618341761
148758201
-1
669365505
219347251
-1
-1
-1
-1
-1
-1
-1
269307501
-1
285878157
-1
-1
-1
-1
-1
-1
-1
238300954
669365505
628662001
-1
-1
808515909
389687361
-1
-1
-1
-1
-1
-1
-1
-1
-1
-1
-1
-1
663103956
-1
-1
-1
294332721
829412765
340815489
-1
-1
-1
-1
-1
-1
